1 1 1 1 1 1 1 1 1 1 1 1 1 1 1 1 1 1 1 1 1 1 1 1 1 1 1 1 1 1 
1 1 1 1 1 1 1 1 1 1 1 1 1 1 1 1 1 1 1 1 1 1 1 1 1 1 1 1 1 1 
1 1 1 1 1 1 1 1 1 1 1 1 1 1 1 0.705808 1 1 1 1 1 1 1 1 1 1 1 1 1 1 
1 1 1 1 1 1 1 1 1 1 1 1 1 1 1 0.398589 0.61805 1 1 1 1 1 1 1 1 1 1 1 1 1 
1 1 1 1 1 1 1 1 1 1 1 1 1 1 1 0.564413 0.76855 1 1 1 1 1 1 1 1 1 1 1 1 1 
1 1 1 1 1 1 1 1 1 1 1 1 1 1 1 0.615763 0.817378 1 1 1 1 1 1 1 1 1 1 1 1 1 
1 1 1 1 1 1 1 1 1 1 1 1 1 1 1 0.632608 0.84231 1 1 1 1 1 1 1 1 1 1 1 1 1 
1 1 1 1 1 1 1 1 1 1 1 1 1 0.518318 0.439001 4.58821e+09 0.374174 0.501447 1 1 1 1 1 1 1 1 1 1 1 1 
1 1 1 1 1 1 1 1 1 1 1 0.402874 0.271709 0.19741 0.175037 0.166761 0.163164 0.188283 0.251434 0.369748 1 1 1 1 1 1 1 1 1 1 
1 1 1 1 1 1 1 1 1 0.977348 0.318285 0.190448 0.133569 0.103918 0.0918772 2.30939e+10 0.0916046 0.100034 0.123464 0.168502 0.282268 0.671415 1 1 1 1 1 1 1 1 
1 1 1 1 1 1 1 1 1 0.314467 0.166237 0.109365 2.43958e+10 0.0924913 0.0879091 0.0869452 0.087547 0.0894237 2.50632e+10 0.101806 0.147461 0.267988 1 1 1 1 1 1 1 1 
1 1 1 1 1 1 1 1 0.388414 0.188241 0.108296 2.46419e+10 0.0873051 0.0835789 0.0818196 0.0813049 0.0815764 0.0828989 0.0857407 0.0925657 0.100737 0.160642 0.326203 1 1 1 1 1 1 1 
1 1 1 1 1 1 1 1 0.262229 0.128828 2.45404e+10 0.0871462 0.0822665 0.0800204 0.078469 0.0777819 0.0780547 0.0792326 0.0812664 0.0851142 0.0950591 0.109434 0.217893 0.882572 1 1 1 1 1 1 
1 1 1 1 1 1 1 0.483177 0.190763 0.102042 0.0909886 0.0832652 0.0799193 0.0772754 0.0755264 0.0745324 0.0748794 0.0764343 0.0787355 0.0818687 0.0875278 2.33649e+10 0.158257 0.383456 1 1 1 1 1 1 
1 1 1 1 1 1 1 0.411705 0.165312 2.27123e+10 0.087177 0.0815167 0.0782133 0.075293 0.0725521 0.0613436 0.0673631 0.0739394 0.0769325 0.080053 0.0846652 2.53624e+10 0.134189 0.329281 1 1 1 1 1 1 
1 1 1 1 1 1 1 0.351391 0.150461 2.46101e+10 0.0861926 0.0808428 0.0773803 0.0740498 0.0576438 0.0431625 0.046128 0.0724043 0.0760299 0.0793001 0.0837637 0.0960986 0.122004 0.285505 1 1 1 1 1 1 
1 1 1 1 1 1 1 0.391272 0.158386 2.43865e+10 0.0865785 0.0809801 0.0775294 0.0741482 0.0592485 0.0432734 0.0501909 0.0726064 0.0761792 0.0794379 0.084063 0.0986995 0.127731 0.313908 1 1 1 1 1 1 
1 1 1 1 1 1 1 0.462547 0.174715 0.0989962 0.0882832 0.0821955 0.0786082 0.0758139 0.073167 0.0667044 0.0723146 0.0745608 0.0773303 0.0807341 0.0858972 2.41276e+10 0.141761 0.365257 1 1 1 1 1 1 
1 1 1 1 1 1 1 1 0.230828 0.113683 0.0950316 0.0845687 0.0805354 0.0780804 0.0763457 0.0755392 0.0758396 0.0772387 0.0793316 0.0830634 0.089672 0.106231 0.190088 0.605769 1 1 1 1 1 1 
1 1 1 1 1 1 1 1 0.337013 0.153302 2.13521e+10 0.0896914 0.0839637 0.0811367 0.0793924 0.0787681 0.0790218 0.0804622 0.0829629 0.0876442 2.38827e+10 0.128321 0.274994 1 1 1 1 1 1 1 
1 1 1 1 1 1 1 1 1 0.255997 0.133635 2.3088e+10 0.0910272 0.0864163 0.0838365 0.0831631 0.0835979 0.0854453 0.0892992 2.39568e+10 0.115554 0.21719 0.654138 1 1 1 1 1 1 1 
1 1 1 1 1 1 1 1 1 0.560655 0.243357 0.145636 0.106182 2.39583e+10 0.0972742 0.0927874 0.0960846 2.44164e+10 2.26935e+10 0.126961 0.214215 0.445041 1 1 1 1 1 1 1 1 
1 1 1 1 1 1 1 1 1 1 1 0.295729 0.198927 0.14404 0.123893 0.11512 0.121068 0.132737 0.182564 0.263314 0.637384 1 1 1 1 1 1 1 1 1 
1 1 1 1 1 1 1 1 1 1 1 1 0.666373 0.364766 0.595947 0.568312 0.587492 0.461417 0.568759 1 1 1 1 1 1 1 1 1 1 1 
1 1 1 1 1 1 1 1 1 1 1 1 1 1 0.529904 0.481841 0.521335 0.801879 1 1 1 1 1 1 1 1 1 1 1 1 
1 1 1 1 1 1 1 1 1 1 1 1 1 1 0.545465 0.488859 0.530079 0.962171 1 1 1 1 1 1 1 1 1 1 1 1 
1 1 1 1 1 1 1 1 1 1 1 1 1 1 0.559841 0.454138 0.506571 1 1 1 1 1 1 1 1 1 1 1 1 1 
1 1 1 1 1 1 1 1 1 1 1 1 1 1 0.76683 0.46394 0.575969 1 1 1 1 1 1 1 1 1 1 1 1 1 
1 1 1 1 1 1 1 1 1 1 1 1 1 1 1 0.608597 0.780922 1 1 1 1 1 1 1 1 1 1 1 1 1 
1 1 1 1 1 1 1 1 1 1 1 1 1 1 1 3.96985e+09 0.891365 1 1 1 1 1 1 1 1 1 1 1 1 1 
